epoch,value
1659393167.519,22.881619
1659393169.517,22.913980
1659393171.517,22.943967
1659393173.517,23.030148
1659393175.517,23.035809
1659393177.517,23.088145
1659393179.517,23.138355
1659393181.517,23.542655
1659393183.517,23.740727
1659393185.517,23.765102
1659393187.517,23.775856
1659393189.517,23.812445
1659393191.517,23.811802
1659393193.517,23.763248
1659393195.517,23.651159
1659393197.517,23.672717
1659393199.517,23.721790
1659393201.517,23.813508
1659393203.517,23.812964
1659393205.517,23.765968
1659393207.517,23.758452
1659393209.517,23.728761
1659393211.517,23.730022
1659393213.517,23.731505
1659393215.517,23.770145
1659393217.517,23.748316
1659393219.517,23.745547
1659393221.517,23.715164
1659393223.517,23.732964
1659393225.517,23.734324
1659393227.517,23.738477
1659393229.517,23.807278
1659393231.517,23.810071
1659393233.517,23.810071
1659393235.517,23.813804
1659393237.517,23.810121
1659393239.517,23.808786
